date,close,high,low,open,volume,adjClose,adjHigh,adjLow,adjOpen,adjVolume,divCash,splitFactor
2021-05-02,56591.930491365,57915.0387997269,56045.2911952026,57808.3473082835,52097.3917117366,56591.930491365,57915.0387997269,56045.2911952026,57808.3473082835,52097.3917117366,0.0,1.0
2021-05-03,57179.6842688265,58979.8063393851,56453.4454256542,56595.0375851135,81938.1140755568,57179.6842688265,58979.8063393851,56453.4454256542,56595.0375851135,81938.1140755568,0.0,1.0
2021-05-04,53278.5555928002,57204.7041147263,53057.8822328141,57172.663486204,87093.0463528606,53278.5555928002,57204.7041147263,53057.8822328141,57172.663486204,87093.0463528606,0.0,1.0
2021-05-05,57468.6814536624,57828.4459685004,53471.8326790123,53756.0162525547,84334.8400441682,57468.6814536624,57828.4459685004,53471.8326790123,53756.0162525547,84334.8400441682,0.0,1.0
2021-05-06,56411.8412583907,58284.275978469,55299.4235816131,57466.2251037581,74982.6871272893,56411.8412583907,58284.275978469,55299.4235816131,57466.2251037581,74982.6871272893,0.0,1.0
2021-05-07,57336.6715007232,58667.3522778458,55319.0465597048,56411.475332366,85274.0371793173,57336.6715007232,58667.3522778458,55319.0465597048,56411.475332366,85274.0371793173,0.0,1.0
2021-05-08,58940.7591422327,59524.5923086342,56956.4362502861,57369.3059129617,26691.69919479,58940.7591422327,59524.5923086342,56956.4362502861,57369.3059129617,26691.69919479,0.0,1.0
2021-05-09,58266.8185071463,59291.9183960872,56605.7274828836,58893.5673603791,77980.13414082,58266.8185071463,59291.9183960872,56605.7274828836,58893.5673603791,77980.13414082,0.0,1.0
2021-05-10,55939.2937716786,59543.4808861072,54697.0204914023,58270.230571868,91072.50889772,55939.2937716786,59543.4808861072,54697.0204914023,58270.230571868,91072.50889772,0.0,1.0
2021-05-11,56744.0294470933,56934.1706970499,54375.7872232962,55856.7731814093,26353.64431291,56744.0294470933,56934.1706970499,54375.7872232962,55856.7731814093,26353.64431291,0.0,1.0
2021-05-12,51991.9277532024,57987.4047397247,51495.2843358147,56708.9367561704,76195.197734701,51991.9277532024,57987.4047397247,51495.2843358147,56708.9367561704,76195.197734701,0.0,1.0
