3.210000000000000000e+02
4.079167003642938312e+02
4.513273188683294848e+02
4.397215557259660272e+02
4.482155061744962268e+02
4.470969965379086943e+02
4.517739763943330900e+02
4.832910152802923562e+02
5.393698699399159295e+02
5.412208331420966942e+02
6.231413203135392678e+02
6.172101040518381296e+02
6.132001066901763124e+02
5.795016299021294799e+02
5.443191432588315593e+02
5.186376762656367418e+02
5.071157080055434108e+02
5.477943221526463731e+02
6.326374033324109405e+02
7.066181290419350489e+02
6.786745854114050189e+02
6.494745846243656615e+02
6.426651441220183187e+02
6.876510699384701866e+02
6.944371792757021922e+02
7.519768418422901277e+02
9.528240804264073631e+02
1.063461181822756998e+03
1.104585857303216699e+03
1.118370075845221663e+03
1.230918778168175095e+03
1.199274325905453452e+03
1.070355041160838937e+03
1.022895338603215123e+03
1.017923593318409644e+03
8.844776601192248791e+02
9.279795576956335026e+02
9.662795914542956552e+02
8.793691219220996800e+02
8.330917036161607712e+02
8.320891337906545004e+02
8.582031576727755464e+02
9.641401848119943452e+02
9.615954241244496643e+02
1.103729304332711081e+03
1.029570380725791892e+03
9.746268411647754419e+02
1.026630321321174506e+03
1.247450428404950344e+03
1.352379735264690908e+03
1.177471042137766062e+03
1.234236108552706355e+03
1.259382013696715831e+03
1.244246321908338587e+03
1.168457133033504306e+03
1.261750734611759754e+03
1.328697582940088296e+03
1.150768129013851421e+03
1.129409959719530434e+03
1.111327711387473528e+03
